7
17
21
31
32
33
34
43
46
47
50
70
72
73
74
76
78
79
80
81
82
83
84
85
88
99
104
105
106
111
112
113
116
120
124
128
135
136
139
143
146
156
157
159
164
168
170
172
175
177
178
183
184
186
193
195
197
202
228
243
244
247
258
260
262
272
278
280
283
285
289
290
294
297
340
341
343
344
345
346
347
348
350
351
353
355
356
359
361
362
363
367
370
373
382
397
402
406
407
408
409
419
431
454
455
456
458
461
466
468
471
474
475
477
479
491
526
555
556
557
560
569
575
577
578
580
590
591
605
610
612
617
627
629
633
636
641
642
643
645
646
647
648
650
651
652
653
654
655
656
657
658
659
660
661
662
663
664
665
666
668
669
671
672
673
674
675
677
678
679
692
695
700
701
704
706
707
729
735
756
759
761
780
792
800
802
829
844
848
849
850
852
853
857
858
859
862
867
873
879
